243.23980712890625 333.6055145263672 178.93008422851562 243.01837158203125 194.01812744140625 314.83489990234375
234.51893615722656 270.80157470703125 206.78823852539062 259.96807861328125 242.24539184570312 269.97930908203125
253.73158264160156 312.1175994873047 181.18450927734375 226.4205322265625 254.44754028320312 342.0467224121094
257.49774169921875 290.1274719238281 194.94667053222656 249.2504119873047 284.0194396972656 340.9732666015625
132.71334838867188 183.98822021484375 191.94920349121094 248.4982452392578 350.0538635253906 404.6579895019531
115.63433837890625 160.8564453125 172.798583984375 223.1009979248047 374.86907958984375 405.3706359863281
145.2659912109375 194.00157165527344 214.78070068359375 260.59791564941406 350.57818603515625 385.89971923828125
105.69366455078125 133.18075561523438 213.4254608154297 246.2345428466797 367.9996643066406 409.1222839355469
121.71893310546875 150.69406127929688 241.2014617919922 285.78900146484375 384.8216552734375 429.53614807128906
106.001708984375 135.34786987304688 222.77696228027344 259.6912536621094 386.91290283203125 424.9283142089844
167.06253051757812 192.0338897705078 217.67689514160156 249.651611328125 400.2708740234375 431.40000915527344
100.51617431640625 133.62371826171875 196.7287139892578 245.20555114746094 399.9405212402344 430.4652557373047
