211.74026489257812 236.97511291503906 192.1856231689453 215.19345092773438 150.30438232421875 177.07266235351562
196.78506469726562 259.51649475097656 205.0146484375 260.9149169921875 192.10357666015625 253.97933959960938
196.78506469726562 242.69070434570312 227.1427764892578 281.7890167236328 191.68923950195312 238.89230346679688
233.7140655517578 282.2901916503906 204.45436096191406 248.04730224609375 219.00048828125 277.560302734375
226.77780151367188 270.13938903808594 255.9213104248047 286.3963394165039 259.95831298828125 291.1217956542969
219.50852966308594 271.57542419433594 214.88778686523438 261.23822021484375 275.9285583496094 306.813720703125
207.25437927246094 260.51318359375 263.03526306152344 314.8238525390625 267.7650146484375 327.6205749511719
241.14266967773438 298.4364776611328 237.75839233398438 274.29112243652344 259.95831298828125 315.2101135253906
242.70474243164062 292.36097717285156 276.5160369873047 336.6985321044922 270.9625549316406 325.6953430175781
232.10145568847656 273.4121856689453 296.7408752441406 321.09073638916016 294.1036682128906 347.8454895019531
