244.75323486328125 359.8315887451172 203.81002807617188 280.32366943359375 191.40728759765625 265.8736877441406
221.11041259765625 309.56248474121094 219.94097900390625 304.4061584472656 238.58523559570312 349.43695068359375
302.82020568847656 348.0877380371094 205.74267578125 265.6551055908203 209.86199951171875 276.83929443359375
286.7521209716797 352.2372283935547 212.42816162109375 257.9834289550781 243.57675170898438 301.44708251953125
256.5347595214844 334.20005798339844 195.83010864257812 277.3919372558594 258.2513732910156 349.43695068359375
190.15478515625 256.16693115234375 237.32498168945312 306.65003967285156 272.2364807128906 331.9630432128906
239.21554565429688 304.55799865722656 229.57296752929688 298.15501403808594 303.8036193847656 363.03485107421875
182.11468505859375 227.441650390625 225.89102172851562 270.69703674316406 307.9170837402344 361.76116943359375
198.27804565429688 266.4278564453125 223.55499267578125 297.8633117675781 319.648681640625 386.85308837890625
132.66287231445312 164.70523071289062 195.52056884765625 219.46102905273438 327.8529968261719 371.97552490234375
198.27804565429688 276.1827392578125 256.4783935546875 297.8633117675781 331.4216613769531 369.1897277832031
163.39016723632812 201.27072143554688 210.34719848632812 253.38499450683594 364.5801086425781 398.11737060546875
