232.70269775390625 283.9555969238281 248.7322998046875 273.818359375 196.20010375976562 237.70355224609375
312.5818328857422 346.33008575439453 234.0460968017578 262.3129425048828 202.571044921875 247.15762329101562
202.24786376953125 238.30096435546875 257.39508056640625 318.15389251708984 222.13946533203125 273.3217468261719
228.1774139404297 283.9555969238281 243.3491668701172 295.04310607910156 215.5804443359375 270.4754333496094
213.62530517578125 266.5193176269531 264.6343994140625 299.0502014160156 222.13946533203125 273.3217468261719
184.36888122558594 273.96893310546875 243.46270751953125 281.6470184326172 237.28521728515625 303.8892822265625
228.1774139404297 328.2985534667969 237.67620849609375 271.3728790283203 229.35140991210938 285.5464172363281
164.880615234375 212.3712921142578 245.55413818359375 302.59239196777344 233.89395141601562 297.65155029296875
244.6326904296875 284.5518493652344 267.8662567138672 320.55162811279297 267.9742126464844 301.4334411621094
154.80169677734375 228.34889221191406 203.29347229003906 273.0413818359375 304.7396240234375 375.7636413574219
220.0595245361328 272.6735076904297 204.66920471191406 276.49932861328125 296.8589782714844 357.22833251953125
314.77603912353516 355.16966247558594 233.0380859375 276.85595703125 318.7437744140625 358.2756652832031
115.62322998046875 194.81155395507812 183.10862731933594 255.70370483398438 327.7261657714844 389.4885711669922
167.53085327148438 216.19557189941406 201.43453979492188 238.325927734375 327.9880676269531 388.8681182861328
