260.6260223388672 323.5968322753906 255.68624877929688 294.6982727050781 157.29345703125 203.25396728515625
310.0349578857422 344.0552444458008 213.67276000976562 248.06141662597656 170.23641967773438 213.62197875976562
279.94895935058594 342.95059967041016 214.532958984375 257.13206481933594 184.86935424804688 236.38760375976562
241.2001190185547 303.69920349121094 211.8852996826172 263.3601837158203 184.86935424804688 227.07208251953125
223.23170471191406 272.99147033691406 282.411865234375 306.9805450439453 208.3431396484375 239.96923828125
223.17735290527344 247.6613006591797 269.8294219970703 314.5074157714844 214.74078369140625 252.07247924804688
246.0220489501953 277.9133605957031 203.70367431640625 231.9665069580078 238.95327758789062 268.9103698730469
241.82521057128906 287.76861572265625 237.0621795654297 287.61476135253906 246.59490966796875 287.3208312988281
215.5076141357422 271.3804016113281 229.52810668945312 276.5921325683594 248.70001220703125 299.7121276855469
203.3645477294922 263.8766326904297 245.1389617919922 294.2867736816406 312.96055603027344 356.96661376953125
240.96340942382812 270.185791015625 172.61129760742188 207.60809326171875 505.9839096069336 542.3549385070801
