258.24534606933594 308.0992126464844 248.5438690185547 284.8721160888672 30.3673095703125 102.02169799804688
275.4302978515625 318.52174377441406 255.8225860595703 284.8721160888672 75.672607421875 102.02169799804688
288.12571716308594 335.55306243896484 254.5452880859375 284.44073486328125 83.44400024414062 115.30252075195312
257.00257873535156 310.8058624267578 218.48593139648438 260.0904541015625 199.26644897460938 254.8223876953125
234.14849853515625 306.4830780029297 180.25936889648438 270.94920349121094 217.7698974609375 289.21368408203125
274.8737335205078 322.5048294067383 187.64813232421875 223.44395446777344 242.52552795410156 282.5093078613281
268.3255920410156 316.8744583129883 187.07151794433594 247.36134338378906 264.5995788574219 311.09361267089844
254.28134155273438 316.9147644042969 194.6730499267578 266.4469757080078 277.89442443847656 351.89495849609375
223.7466278076172 290.4267883300781 223.4816436767578 272.63153076171875 267.21852111816406 342.33778381347656
193.32424926757812 257.0618133544922 226.46002197265625 294.08001708984375 289.8565368652344 342.33778381347656
193.39234924316406 226.71144104003906 193.6486053466797 259.46583557128906 294.6348876953125 344.1349334716797
259.0869140625 304.7645568847656 229.35958862304688 265.2294464111328 322.2254638671875 371.33756256103516
280.72450256347656 318.7267532348633 261.6697998046875 299.27259826660156 340.673583984375 377.6310729980469
206.3358917236328 264.6569519042969 223.32443237304688 250.90509033203125 354.5805358886719 397.3264389038086
