267.2499694824219 302.9017562866211 196.26287841796875 223.2463836669922 174.61233520507812 222.88824462890625
216.3105926513672 294.64500427246094 188.88067626953125 233.13279724121094 203.75637817382812 263.43690490722656
220.45359802246094 292.1208801269531 227.76956176757812 289.2863082885742 211.95883178710938 285.38047790527344
220.45359802246094 276.95228576660156 200.66200256347656 265.8577117919922 230.3942413330078 279.1402282714844
206.01466369628906 244.25814819335938 220.54449462890625 259.56166076660156 268.62066650390625 319.75254821777344
221.90785217285156 245.338623046875 242.3232421875 286.7427215576172 254.49822998046875 293.9033508300781
180.64756774902344 239.5138397216797 224.0316162109375 278.1058044433594 283.2598876953125 331.3837890625
207.09585571289062 238.93072509765625 196.6029052734375 223.5451202392578 301.5189666748047 346.45611572265625
203.84446716308594 226.1574249267578 231.59483337402344 266.3910446166992 306.64439392089844 364.23560333251953
217.8848419189453 246.10296630859375 199.86949157714844 233.24349975585938 323.00836181640625 348.4976043701172
169.38818359375 215.13194274902344 262.70008087158203 299.20458984375 321.8834533691406 356.9027099609375
223.56101989746094 251.87198638916016 223.59107971191406 265.47737884521484 345.6136169433594 383.1064910888672
