118.88241577148438 148.6007080078125 207.6272430419922 235.9227752685547 6.24688720703125 50.572479248046875
275.4602966308594 305.50682830810547 217.9911346435547 246.93568420410156 24.800811767578125 52.67852783203125
117.6644287109375 158.42132568359375 217.67637634277344 247.5206756591797 26.3907470703125 63.597503662109375
261.8315124511719 297.9532241821289 214.96009826660156 247.03244018554688 37.666107177734375 80.78048706054688
207.47109985351562 303.42381286621094 177.96253967285156 233.1840057373047 119.65243530273438 190.7491455078125
243.53875732421875 273.87255096435547 240.73565673828125 272.0877685546875 146.84515380859375 193.9234619140625
211.14492797851562 250.21783447265625 251.41270446777344 278.16416931152344 173.17942810058594 199.79058837890625
195.65084838867188 263.61082458496094 202.40956115722656 256.4865417480469 162.55758666992188 239.069091796875
193.17941284179688 231.93093872070312 236.33204650878906 272.4287567138672 183.81910705566406 230.9940948486328
179.1494903564453 244.5024871826172 209.69808959960938 262.0087890625 235.97744750976562 285.5141906738281
