124.31283569335938 151.8470458984375 254.59503173828125 308.35533142089844 105.91461181640625 144.6209716796875
273.5414733886719 322.88597106933594 234.89524841308594 272.1928253173828 144.6236572265625 198.61984252929688
247.26348876953125 277.2375793457031 245.9097137451172 273.77685546875 153.86746215820312 200.03271484375
261.54383850097656 306.6232147216797 283.13938903808594 323.8107147216797 172.44024658203125 213.6871337890625
267.1891784667969 334.1860656738281 254.4000244140625 296.9191436767578 210.79931640625 274.30615234375
212.25473022460938 267.6285095214844 266.09625244140625 305.05126953125 215.37884521484375 260.4168701171875
319.8114929199219 355.6210708618164 250.96092224121094 286.4266052246094 223.76614379882812 274.0052185058594
216.06658935546875 256.66957092285156 246.28903198242188 298.15733337402344 237.93399047851562 270.64727783203125
238.2475128173828 291.86341857910156 240.4022216796875 286.5466766357422 317.66864013671875 361.3199157714844
100.47494506835938 195.0380859375 215.51455688476562 271.08302307128906 315.78118896484375 376.2925567626953
202.303466796875 230.35971069335938 243.06588745117188 284.3946533203125 329.92755126953125 358.7970275878906
250.7875518798828 293.162353515625 202.03463745117188 231.35247802734375 488.46202087402344 534.9737243652344
