263.3344268798828 296.50504302978516 219.36431884765625 258.0959243774414 73.718505859375 118.9537353515625
178.17471313476562 274.95103454589844 181.25184631347656 259.1929702758789 215.66131591796875 294.19915771484375
215.32162475585938 268.89095306396484 167.98397827148438 198.05929565429688 226.89065551757812 265.71612548828125
146.81790161132812 171.7073211669922 206.7686309814453 245.26649475097656 258.5884094238281 281.2501220703125
247.04977416992188 277.9803924560547 157.0361785888672 200.26678466796875 267.8614807128906 310.8280029296875
146.6111297607422 195.35858154296875 184.9648895263672 222.89083862304688 268.800537109375 309.2504577636719
195.8715057373047 256.11063385009766 180.88348388671875 229.81398010253906 281.0979309082031 310.2829284667969
92.01528930664062 120.75177001953125 135.86184692382812 178.78697204589844 313.5318603515625 349.8389892578125
111.4197998046875 166.30690002441406 170.48330688476562 230.5374755859375 313.7771301269531 361.4244384765625
188.6125946044922 230.0316619873047 189.21754455566406 217.2690887451172 318.4769592285156 359.9381408691406
171.1141815185547 219.1316680908203 171.05564880371094 197.5911407470703 319.4787902832031 366.7298278808594
140.78945922851562 196.93414306640625 171.80039978027344 228.01327514648438 328.02032470703125 359.9472351074219
173.22235107421875 218.55401611328125 197.65216064453125 245.15911865234375 324.2084045410156 380.5983581542969
