367.82369232177734 393.86241912841797 248.91885375976562 291.63099670410156 175.34136962890625 218.89501953125
315.19683837890625 357.2414016723633 280.1810760498047 323.0621337890625 210.19369506835938 261.70684814453125
352.6577377319336 381.20462799072266 279.70252990722656 301.9228515625 207.45773315429688 240.45501708984375
245.9787139892578 306.2904968261719 281.61497497558594 321.1755676269531 226.04910278320312 274.0499267578125
175.00619506835938 213.8428955078125 265.406494140625 304.8985900878906 232.83779907226562 301.664306640625
240.31735229492188 279.76170349121094 278.0383605957031 315.8665466308594 253.51092529296875 286.810791015625
261.8019714355469 291.9020538330078 271.44500732421875 300.6479797363281 264.8391418457031 288.1116943359375
264.7906036376953 318.3664855957031 275.9119110107422 328.33457946777344 290.7543029785156 334.4546203613281
241.3446502685547 308.48980712890625 295.1096496582031 333.53302001953125 266.20574951171875 335.4222412109375
137.5968017578125 208.14906311035156 246.96563720703125 307.9269104003906 255.4962158203125 335.9982604980469
223.6704864501953 285.4226989746094 302.8876495361328 326.418701171875 287.01593017578125 338.27967834472656
